identifier,book_id,page_number,ground_truth_label,predicted_label,prob_advertisement,prob_cover,prob_story,prob_textstory,prob_first-page,prob_credits,prob_art,prob_text,prob_back_cover
Spread 002_page_0,Spread 002,0,cover,cover,0.015,0.737,0.015,0.012,0.016,0.084,0.087,0.008,0.026
Spread 002_page_1,Spread 002,1,credits,credits,0.019,0.042,0.021,0.023,0.03,0.662,0.03,0.152,0.021
Spread 002_page_2,Spread 002,2,first-page,story,0.02,0.047,0.497,0.023,0.225,0.027,0.105,0.023,0.034
Spread 002_page_3,Spread 002,3,story,story,0.021,0.04,0.499,0.024,0.232,0.025,0.106,0.024,0.03
Spread 002_page_4,Spread 002,4,story,story,0.022,0.047,0.49,0.025,0.232,0.034,0.096,0.026,0.029
Spread 002_page_5,Spread 002,5,story,story,0.021,0.043,0.516,0.025,0.216,0.028,0.096,0.024,0.031
Spread 002_page_6,Spread 002,6,story,story,0.018,0.045,0.542,0.024,0.194,0.029,0.088,0.027,0.034
Spread 002_page_7,Spread 002,7,story,story,0.021,0.034,0.488,0.023,0.245,0.022,0.112,0.027,0.028
Spread 002_page_8,Spread 002,8,story,story,0.019,0.033,0.497,0.021,0.243,0.025,0.101,0.029,0.031
Spread 002_page_9,Spread 002,9,story,story,0.02,0.031,0.5,0.023,0.24,0.022,0.105,0.029,0.03
Spread 002_page_10,Spread 002,10,story,story,0.021,0.027,0.385,0.022,0.305,0.021,0.146,0.043,0.031
Spread 002_page_11,Spread 002,11,story,story,0.019,0.043,0.524,0.024,0.214,0.024,0.096,0.025,0.03
Spread 002_page_12,Spread 002,12,story,story,0.019,0.037,0.489,0.021,0.242,0.022,0.113,0.025,0.033
Spread 002_page_13,Spread 002,13,story,first-page,0.02,0.034,0.323,0.016,0.362,0.021,0.158,0.026,0.039
Spread 002_page_14,Spread 002,14,story,story,0.019,0.033,0.505,0.023,0.234,0.023,0.105,0.028,0.031
Spread 002_page_15,Spread 002,15,story,story,0.019,0.029,0.497,0.022,0.238,0.021,0.11,0.032,0.031
Spread 002_page_16,Spread 002,16,story,story,0.021,0.03,0.466,0.023,0.261,0.021,0.119,0.031,0.028
Spread 002_page_17,Spread 002,17,story,story,0.019,0.031,0.464,0.021,0.264,0.02,0.12,0.029,0.032
Spread 002_page_18,Spread 002,18,story,story,0.02,0.028,0.468,0.022,0.256,0.02,0.12,0.034,0.032
Spread 002_page_19,Spread 002,19,story,story,0.019,0.028,0.457,0.021,0.268,0.023,0.116,0.036,0.031
Spread 002_page_20,Spread 002,20,story,story,0.019,0.029,0.475,0.022,0.252,0.02,0.12,0.031,0.032
Spread 002_page_21,Spread 002,21,story,story,0.02,0.044,0.478,0.023,0.238,0.023,0.119,0.023,0.032
Spread 002_page_22,Spread 002,22,story,text,0.036,0.017,0.024,0.026,0.051,0.096,0.041,0.691,0.019
Spread 002_page_23,Spread 002,23,story,back_cover,0.042,0.081,0.072,0.017,0.2,0.032,0.254,0.025,0.278
Spread 002_page_24,Spread 002,24,art,art,0.061,0.081,0.113,0.019,0.26,0.024,0.27,0.024,0.147
Spread 002_page_25,Spread 002,25,credits,advertisement,0.457,0.015,0.03,0.022,0.032,0.028,0.059,0.188,0.169
Spread 002_page_26,Spread 002,26,first-page,story,0.03,0.038,0.349,0.016,0.316,0.022,0.156,0.024,0.048
Spread 002_page_27,Spread 002,27,story,story,0.022,0.038,0.438,0.02,0.273,0.022,0.127,0.023,0.038
Spread 002_page_28,Spread 002,28,story,story,0.026,0.029,0.391,0.017,0.302,0.022,0.145,0.028,0.04
Spread 002_page_29,Spread 002,29,advertisement,advertisement,0.728,0.038,0.026,0.016,0.021,0.019,0.058,0.028,0.065
Spread 002_page_30,Spread 002,30,first-page,first-page,0.024,0.135,0.1,0.014,0.272,0.032,0.24,0.019,0.164
Spread 002_page_31,Spread 002,31,back_cover,advertisement,0.611,0.031,0.033,0.018,0.022,0.024,0.048,0.025,0.189
Beasts of Burden Occupied Territory._2_page_0,Beasts of Burden Occupied Territory._2,0,credits,back_cover,0.03,0.081,0.058,0.011,0.207,0.093,0.177,0.032,0.311
Beasts of Burden Occupied Territory._2_page_1,Beasts of Burden Occupied Territory._2,1,credits,back_cover,0.031,0.119,0.056,0.011,0.166,0.098,0.142,0.023,0.353
Beasts of Burden Occupied Territory._2_page_2,Beasts of Burden Occupied Territory._2,2,first-page,story,0.02,0.037,0.501,0.021,0.238,0.03,0.091,0.028,0.034
Beasts of Burden Occupied Territory._2_page_3,Beasts of Burden Occupied Territory._2,3,story,back_cover,0.024,0.223,0.049,0.011,0.117,0.112,0.115,0.018,0.331
Beasts of Burden Occupied Territory._2_page_4,Beasts of Burden Occupied Territory._2,4,story,back_cover,0.024,0.217,0.049,0.011,0.118,0.111,0.118,0.019,0.333
Beasts of Burden Occupied Territory._2_page_5,Beasts of Burden Occupied Territory._2,5,story,story,0.02,0.028,0.447,0.018,0.275,0.021,0.122,0.029,0.041
Beasts of Burden Occupied Territory._2_page_6,Beasts of Burden Occupied Territory._2,6,story,story,0.019,0.039,0.485,0.021,0.248,0.026,0.104,0.026,0.032
Beasts of Burden Occupied Territory._2_page_7,Beasts of Burden Occupied Territory._2,7,story,story,0.02,0.03,0.465,0.019,0.272,0.021,0.111,0.029,0.033
Beasts of Burden Occupied Territory._2_page_8,Beasts of Burden Occupied Territory._2,8,story,back_cover,0.021,0.227,0.046,0.011,0.111,0.127,0.108,0.019,0.331
Beasts of Burden Occupied Territory._2_page_9,Beasts of Burden Occupied Territory._2,9,story,story,0.019,0.033,0.484,0.019,0.252,0.022,0.109,0.027,0.034
Beasts of Burden Occupied Territory._2_page_10,Beasts of Burden Occupied Territory._2,10,story,story,0.019,0.032,0.485,0.02,0.253,0.022,0.108,0.027,0.034
Beasts of Burden Occupied Territory._2_page_11,Beasts of Burden Occupied Territory._2,11,story,story,0.021,0.043,0.454,0.02,0.257,0.023,0.123,0.022,0.037
Beasts of Burden Occupied Territory._2_page_12,Beasts of Burden Occupied Territory._2,12,story,story,0.02,0.037,0.476,0.02,0.254,0.021,0.111,0.025,0.037
Beasts of Burden Occupied Territory._2_page_13,Beasts of Burden Occupied Territory._2,13,story,story,0.018,0.038,0.508,0.02,0.23,0.023,0.101,0.027,0.035
Beasts of Burden Occupied Territory._2_page_14,Beasts of Burden Occupied Territory._2,14,story,story,0.019,0.033,0.489,0.02,0.251,0.022,0.106,0.027,0.034
Beasts of Burden Occupied Territory._2_page_15,Beasts of Burden Occupied Territory._2,15,story,story,0.019,0.034,0.471,0.02,0.258,0.021,0.117,0.025,0.034
Beasts of Burden Occupied Territory._2_page_16,Beasts of Burden Occupied Territory._2,16,story,back_cover,0.022,0.209,0.049,0.01,0.125,0.123,0.116,0.02,0.325
Beasts of Burden Occupied Territory._2_page_17,Beasts of Burden Occupied Territory._2,17,story,story,0.018,0.03,0.459,0.018,0.264,0.022,0.121,0.03,0.038
Beasts of Burden Occupied Territory._2_page_18,Beasts of Burden Occupied Territory._2,18,story,story,0.018,0.034,0.473,0.019,0.261,0.024,0.11,0.027,0.035
Beasts of Burden Occupied Territory._2_page_19,Beasts of Burden Occupied Territory._2,19,story,story,0.02,0.032,0.493,0.021,0.249,0.022,0.103,0.028,0.032
Beasts of Burden Occupied Territory._2_page_20,Beasts of Burden Occupied Territory._2,20,story,story,0.019,0.029,0.501,0.02,0.235,0.02,0.109,0.032,0.036
Beasts of Burden Occupied Territory._2_page_21,Beasts of Burden Occupied Territory._2,21,advertisement,advertisement,0.64,0.053,0.036,0.019,0.03,0.02,0.08,0.026,0.097
Beasts of Burden Occupied Territory._2_page_22,Beasts of Burden Occupied Territory._2,22,back_cover,back_cover,0.05,0.03,0.061,0.014,0.169,0.035,0.207,0.075,0.358
Skullkickers 019_page_0,Skullkickers 019,0,cover,advertisement,0.325,0.243,0.027,0.019,0.028,0.08,0.195,0.029,0.053
Skullkickers 019_page_1,Skullkickers 019,1,cover,credits,0.019,0.046,0.017,0.02,0.023,0.732,0.027,0.094,0.022
Skullkickers 019_page_2,Skullkickers 019,2,first-page,story,0.019,0.026,0.428,0.019,0.29,0.028,0.108,0.046,0.035
Skullkickers 019_page_3,Skullkickers 019,3,story,story,0.018,0.032,0.422,0.014,0.284,0.032,0.099,0.038,0.061
Skullkickers 019_page_4,Skullkickers 019,4,story,story,0.022,0.029,0.379,0.019,0.348,0.031,0.111,0.032,0.029
Skullkickers 019_page_5,Skullkickers 019,5,story,story,0.018,0.026,0.415,0.019,0.305,0.023,0.122,0.04,0.032
Skullkickers 019_page_6,Skullkickers 019,6,story,story,0.02,0.032,0.418,0.017,0.303,0.021,0.126,0.026,0.036
Skullkickers 019_page_7,Skullkickers 019,7,story,story,0.02,0.025,0.412,0.018,0.307,0.021,0.126,0.038,0.034
Skullkickers 019_page_8,Skullkickers 019,8,story,first-page,0.028,0.033,0.283,0.015,0.334,0.021,0.181,0.032,0.073
Skullkickers 019_page_9,Skullkickers 019,9,story,story,0.019,0.039,0.452,0.018,0.267,0.023,0.119,0.024,0.041
Skullkickers 019_page_10,Skullkickers 019,10,story,first-page,0.02,0.025,0.349,0.017,0.358,0.024,0.133,0.038,0.036
Skullkickers 019_page_11,Skullkickers 019,11,story,story,0.018,0.031,0.501,0.02,0.238,0.022,0.106,0.031,0.035
Skullkickers 019_page_12,Skullkickers 019,12,story,story,0.021,0.025,0.443,0.019,0.279,0.02,0.121,0.036,0.037
Skullkickers 019_page_13,Skullkickers 019,13,story,story,0.019,0.027,0.468,0.019,0.265,0.022,0.108,0.034,0.039
Skullkickers 019_page_14,Skullkickers 019,14,story,story,0.018,0.033,0.479,0.018,0.26,0.026,0.101,0.029,0.036
Skullkickers 019_page_15,Skullkickers 019,15,story,story,0.019,0.028,0.441,0.019,0.284,0.022,0.121,0.032,0.035
Skullkickers 019_page_16,Skullkickers 019,16,story,story,0.021,0.029,0.417,0.019,0.313,0.021,0.12,0.03,0.03
Skullkickers 019_page_17,Skullkickers 019,17,story,story,0.019,0.028,0.481,0.02,0.259,0.023,0.107,0.031,0.032
Skullkickers 019_page_18,Skullkickers 019,18,story,first-page,0.035,0.025,0.25,0.014,0.337,0.024,0.178,0.044,0.093
Skullkickers 019_page_19,Skullkickers 019,19,story,story,0.019,0.036,0.52,0.019,0.225,0.025,0.095,0.026,0.036
Skullkickers 019_page_20,Skullkickers 019,20,story,story,0.019,0.028,0.451,0.016,0.283,0.023,0.113,0.031,0.036
Skullkickers 019_page_21,Skullkickers 019,21,story,story,0.022,0.028,0.365,0.016,0.336,0.02,0.143,0.029,0.041
Skullkickers 019_page_22,Skullkickers 019,22,story,story,0.019,0.03,0.468,0.017,0.271,0.022,0.105,0.028,0.039
Skullkickers 019_page_23,Skullkickers 019,23,story,first-page,0.033,0.05,0.257,0.015,0.343,0.028,0.164,0.022,0.087
Skullkickers 019_page_24,Skullkickers 019,24,advertisement,advertisement,0.289,0.019,0.036,0.023,0.044,0.037,0.097,0.239,0.215
Skullkickers 019_page_25,Skullkickers 019,25,first-page,text,0.129,0.014,0.037,0.021,0.069,0.038,0.065,0.579,0.047
Skullkickers 019_page_26,Skullkickers 019,26,story,first-page,0.03,0.023,0.165,0.029,0.283,0.052,0.121,0.265,0.031
Skullkickers 019_page_27,Skullkickers 019,27,story,text,0.029,0.017,0.074,0.025,0.146,0.07,0.061,0.551,0.027
Skullkickers 019_page_28,Skullkickers 019,28,story,text,0.032,0.012,0.044,0.025,0.08,0.045,0.051,0.679,0.032
Skullkickers 019_page_29,Skullkickers 019,29,credits,advertisement,0.733,0.037,0.024,0.016,0.02,0.02,0.058,0.028,0.065
Skullkickers 019_page_30,Skullkickers 019,30,credits,advertisement,0.702,0.019,0.021,0.018,0.019,0.017,0.047,0.047,0.11
Skullkickers 019_page_31,Skullkickers 019,31,back_cover,text,0.078,0.015,0.03,0.027,0.039,0.15,0.043,0.505,0.111
Pathfinder 008_page_0,Pathfinder 008,0,cover,cover,0.073,0.487,0.031,0.017,0.046,0.025,0.222,0.014,0.086
Pathfinder 008_page_1,Pathfinder 008,1,cover,cover,0.043,0.507,0.03,0.015,0.048,0.025,0.255,0.013,0.065
Pathfinder 008_page_2,Pathfinder 008,2,credits,credits,0.021,0.041,0.021,0.024,0.028,0.675,0.031,0.139,0.02
Pathfinder 008_page_3,Pathfinder 008,3,first-page,story,0.022,0.047,0.398,0.018,0.29,0.05,0.112,0.026,0.038
Pathfinder 008_page_4,Pathfinder 008,4,story,story,0.02,0.032,0.486,0.021,0.25,0.027,0.098,0.037,0.028
Pathfinder 008_page_5,Pathfinder 008,5,story,story,0.019,0.041,0.517,0.021,0.219,0.033,0.086,0.03,0.033
Pathfinder 008_page_6,Pathfinder 008,6,story,story,0.019,0.03,0.47,0.02,0.264,0.024,0.111,0.03,0.032
Pathfinder 008_page_7,Pathfinder 008,7,story,story,0.02,0.023,0.458,0.021,0.255,0.022,0.115,0.05,0.035
Pathfinder 008_page_8,Pathfinder 008,8,story,story,0.019,0.049,0.483,0.022,0.242,0.03,0.096,0.025,0.035
Pathfinder 008_page_9,Pathfinder 008,9,story,story,0.018,0.042,0.507,0.022,0.231,0.026,0.095,0.026,0.033
Pathfinder 008_page_10,Pathfinder 008,10,story,story,0.018,0.044,0.471,0.02,0.256,0.03,0.101,0.028,0.032
Pathfinder 008_page_11,Pathfinder 008,11,story,story,0.019,0.032,0.485,0.021,0.248,0.022,0.113,0.028,0.031
Pathfinder 008_page_12,Pathfinder 008,12,story,story,0.019,0.034,0.464,0.022,0.27,0.025,0.105,0.031,0.03
Pathfinder 008_page_13,Pathfinder 008,13,story,story,0.019,0.034,0.497,0.021,0.243,0.024,0.102,0.029,0.031
Pathfinder 008_page_14,Pathfinder 008,14,story,story,0.019,0.028,0.484,0.022,0.251,0.022,0.106,0.035,0.032
Pathfinder 008_page_15,Pathfinder 008,15,story,story,0.019,0.036,0.495,0.021,0.242,0.026,0.101,0.03,0.031
Pathfinder 008_page_16,Pathfinder 008,16,story,story,0.02,0.057,0.477,0.025,0.23,0.032,0.104,0.024,0.032
Pathfinder 008_page_17,Pathfinder 008,17,story,story,0.019,0.052,0.368,0.021,0.326,0.027,0.129,0.024,0.034
Pathfinder 008_page_18,Pathfinder 008,18,story,story,0.02,0.031,0.458,0.02,0.276,0.024,0.109,0.031,0.03
Pathfinder 008_page_19,Pathfinder 008,19,story,story,0.019,0.045,0.498,0.022,0.233,0.028,0.097,0.025,0.033
Pathfinder 008_page_20,Pathfinder 008,20,story,story,0.019,0.037,0.474,0.022,0.26,0.025,0.105,0.03,0.028
Pathfinder 008_page_21,Pathfinder 008,21,story,story,0.02,0.041,0.473,0.022,0.257,0.031,0.097,0.029,0.031
Pathfinder 008_page_22,Pathfinder 008,22,story,story,0.019,0.05,0.509,0.024,0.217,0.031,0.091,0.026,0.033
Pathfinder 008_page_23,Pathfinder 008,23,story,story,0.018,0.038,0.493,0.021,0.25,0.027,0.093,0.027,0.033
Pathfinder 008_page_24,Pathfinder 008,24,story,first-page,0.018,0.041,0.348,0.016,0.348,0.034,0.127,0.029,0.039
Pathfinder 008_page_25,Pathfinder 008,25,story,text,0.205,0.096,0.049,0.03,0.129,0.06,0.191,0.208,0.032
Pathfinder 008_page_26,Pathfinder 008,26,story,text,0.034,0.024,0.102,0.032,0.198,0.045,0.116,0.424,0.025
Pathfinder 008_page_27,Pathfinder 008,27,story,first-page,0.06,0.038,0.152,0.02,0.318,0.018,0.254,0.093,0.047
Pathfinder 008_page_28,Pathfinder 008,28,story,text,0.032,0.016,0.08,0.025,0.129,0.04,0.082,0.546,0.049
Pathfinder 008_page_29,Pathfinder 008,29,story,advertisement,0.406,0.015,0.029,0.027,0.035,0.023,0.051,0.328,0.086
Pathfinder 008_page_30,Pathfinder 008,30,story,story,0.023,0.086,0.276,0.021,0.205,0.21,0.077,0.046,0.056
Pathfinder 008_page_31,Pathfinder 008,31,advertisement,advertisement,0.756,0.023,0.019,0.015,0.02,0.016,0.041,0.045,0.065
Pathfinder 008_page_32,Pathfinder 008,32,advertisement,advertisement,0.631,0.025,0.027,0.017,0.033,0.029,0.075,0.086,0.076
Pathfinder 008_page_33,Pathfinder 008,33,back_cover,advertisement,0.683,0.027,0.025,0.017,0.021,0.029,0.065,0.047,0.087
The Magic Order 004_page_0,The Magic Order 004,0,cover,cover,0.023,0.732,0.018,0.011,0.018,0.034,0.122,0.009,0.033
The Magic Order 004_page_1,The Magic Order 004,1,credits,credits,0.021,0.072,0.015,0.014,0.023,0.753,0.031,0.044,0.026
The Magic Order 004_page_2,The Magic Order 004,2,first-page,story,0.019,0.036,0.401,0.021,0.319,0.022,0.126,0.027,0.029
The Magic Order 004_page_3,The Magic Order 004,3,story,story,0.019,0.035,0.478,0.022,0.256,0.022,0.112,0.028,0.029
The Magic Order 004_page_4,The Magic Order 004,4,story,story,0.02,0.031,0.443,0.021,0.28,0.022,0.119,0.035,0.028
The Magic Order 004_page_5,The Magic Order 004,5,story,story,0.02,0.037,0.409,0.019,0.308,0.03,0.118,0.029,0.029
The Magic Order 004_page_6,The Magic Order 004,6,story,story,0.02,0.04,0.501,0.024,0.233,0.024,0.103,0.026,0.028
The Magic Order 004_page_7,The Magic Order 004,7,story,story,0.02,0.05,0.498,0.025,0.224,0.025,0.104,0.023,0.03
The Magic Order 004_page_8,The Magic Order 004,8,story,story,0.019,0.039,0.479,0.022,0.26,0.025,0.098,0.027,0.03
The Magic Order 004_page_9,The Magic Order 004,9,story,story,0.021,0.043,0.505,0.025,0.227,0.026,0.099,0.025,0.03
The Magic Order 004_page_10,The Magic Order 004,10,story,story,0.019,0.044,0.484,0.023,0.246,0.027,0.1,0.025,0.031
The Magic Order 004_page_11,The Magic Order 004,11,story,story,0.018,0.041,0.506,0.022,0.23,0.024,0.102,0.026,0.031
The Magic Order 004_page_12,The Magic Order 004,12,story,story,0.019,0.065,0.479,0.025,0.224,0.035,0.095,0.024,0.035
The Magic Order 004_page_13,The Magic Order 004,13,story,story,0.02,0.045,0.5,0.023,0.231,0.026,0.1,0.024,0.031
The Magic Order 004_page_14,The Magic Order 004,14,story,story,0.022,0.036,0.464,0.023,0.27,0.024,0.108,0.027,0.027
The Magic Order 004_page_15,The Magic Order 004,15,story,story,0.02,0.038,0.472,0.023,0.258,0.023,0.11,0.025,0.03
The Magic Order 004_page_16,The Magic Order 004,16,story,story,0.02,0.032,0.459,0.022,0.272,0.022,0.115,0.028,0.029
The Magic Order 004_page_17,The Magic Order 004,17,story,story,0.02,0.037,0.436,0.021,0.28,0.021,0.127,0.024,0.032
The Magic Order 004_page_18,The Magic Order 004,18,story,story,0.02,0.041,0.487,0.022,0.244,0.025,0.104,0.025,0.031
The Magic Order 004_page_19,The Magic Order 004,19,story,story,0.019,0.033,0.454,0.021,0.277,0.021,0.116,0.026,0.033
The Magic Order 004_page_20,The Magic Order 004,20,story,story,0.019,0.045,0.462,0.022,0.256,0.025,0.116,0.025,0.03
The Magic Order 004_page_21,The Magic Order 004,21,story,story,0.019,0.048,0.479,0.022,0.243,0.028,0.102,0.025,0.033
The Magic Order 004_page_22,The Magic Order 004,22,story,story,0.02,0.045,0.473,0.023,0.251,0.027,0.106,0.024,0.031
The Magic Order 004_page_23,The Magic Order 004,23,story,story,0.019,0.051,0.496,0.023,0.226,0.03,0.097,0.025,0.033
The Magic Order 004_page_24,The Magic Order 004,24,story,story,0.02,0.06,0.461,0.024,0.239,0.031,0.11,0.023,0.033
The Magic Order 004_page_25,The Magic Order 004,25,art,advertisement,0.334,0.166,0.033,0.018,0.043,0.037,0.195,0.026,0.148
The Magic Order 004_page_26,The Magic Order 004,26,advertisement,advertisement,0.697,0.039,0.026,0.015,0.028,0.018,0.068,0.035,0.073
The Magic Order 004_page_27,The Magic Order 004,27,art,advertisement,0.453,0.148,0.04,0.02,0.046,0.026,0.173,0.031,0.062
The Magic Order 004_page_28,The Magic Order 004,28,advertisement,advertisement,0.772,0.021,0.021,0.015,0.017,0.016,0.035,0.033,0.072
The Magic Order 004_page_29,The Magic Order 004,29,back_cover,back_cover,0.309,0.09,0.033,0.018,0.047,0.028,0.137,0.027,0.312
Sacred Creatures 006_page_0,Sacred Creatures 006,0,cover,cover,0.033,0.71,0.016,0.01,0.018,0.035,0.128,0.009,0.042
Sacred Creatures 006_page_1,Sacred Creatures 006,1,cover,credits,0.019,0.038,0.026,0.015,0.053,0.55,0.034,0.212,0.053
Sacred Creatures 006_page_2,Sacred Creatures 006,2,first-page,story,0.02,0.032,0.44,0.021,0.287,0.024,0.118,0.029,0.029
Sacred Creatures 006_page_3,Sacred Creatures 006,3,story,story,0.02,0.046,0.446,0.021,0.274,0.036,0.097,0.027,0.033
Sacred Creatures 006_page_4,Sacred Creatures 006,4,story,story,0.018,0.049,0.462,0.022,0.258,0.028,0.105,0.024,0.034
Sacred Creatures 006_page_5,Sacred Creatures 006,5,story,story,0.02,0.063,0.478,0.026,0.225,0.033,0.098,0.023,0.033
Sacred Creatures 006_page_6,Sacred Creatures 006,6,story,story,0.019,0.046,0.5,0.022,0.229,0.031,0.094,0.027,0.032
Sacred Creatures 006_page_7,Sacred Creatures 006,7,story,story,0.019,0.054,0.439,0.023,0.267,0.032,0.109,0.023,0.033
Sacred Creatures 006_page_8,Sacred Creatures 006,8,story,story,0.019,0.064,0.438,0.022,0.252,0.033,0.113,0.023,0.036
Sacred Creatures 006_page_9,Sacred Creatures 006,9,story,story,0.023,0.029,0.359,0.018,0.339,0.021,0.15,0.028,0.033
Sacred Creatures 006_page_10,Sacred Creatures 006,10,story,story,0.021,0.045,0.469,0.022,0.248,0.028,0.113,0.022,0.032
Sacred Creatures 006_page_11,Sacred Creatures 006,11,story,story,0.019,0.035,0.457,0.019,0.272,0.025,0.113,0.025,0.035
Sacred Creatures 006_page_12,Sacred Creatures 006,12,story,story,0.02,0.047,0.484,0.023,0.236,0.03,0.104,0.023,0.033
Sacred Creatures 006_page_13,Sacred Creatures 006,13,story,story,0.02,0.042,0.466,0.022,0.258,0.026,0.111,0.023,0.031
Sacred Creatures 006_page_14,Sacred Creatures 006,14,art,story,0.02,0.033,0.457,0.022,0.279,0.026,0.105,0.03,0.029
Sacred Creatures 006_page_15,Sacred Creatures 006,15,first-page,story,0.019,0.05,0.496,0.022,0.226,0.03,0.099,0.024,0.034
Sacred Creatures 006_page_16,Sacred Creatures 006,16,story,story,0.018,0.039,0.486,0.02,0.25,0.027,0.099,0.027,0.034
Sacred Creatures 006_page_17,Sacred Creatures 006,17,story,story,0.019,0.069,0.439,0.024,0.242,0.038,0.11,0.024,0.035
Sacred Creatures 006_page_18,Sacred Creatures 006,18,story,story,0.019,0.046,0.489,0.022,0.237,0.028,0.102,0.024,0.034
Sacred Creatures 006_page_19,Sacred Creatures 006,19,story,story,0.02,0.047,0.437,0.022,0.275,0.029,0.116,0.023,0.031
Sacred Creatures 006_page_20,Sacred Creatures 006,20,story,story,0.021,0.036,0.44,0.021,0.286,0.027,0.113,0.025,0.03
Sacred Creatures 006_page_21,Sacred Creatures 006,21,story,story,0.021,0.036,0.486,0.022,0.253,0.027,0.098,0.027,0.03
Sacred Creatures 006_page_22,Sacred Creatures 006,22,story,story,0.021,0.038,0.474,0.024,0.255,0.027,0.107,0.025,0.029
Sacred Creatures 006_page_23,Sacred Creatures 006,23,story,story,0.02,0.048,0.488,0.022,0.235,0.03,0.101,0.023,0.033
Sacred Creatures 006_page_24,Sacred Creatures 006,24,story,story,0.02,0.041,0.481,0.021,0.246,0.027,0.106,0.024,0.033
Sacred Creatures 006_page_25,Sacred Creatures 006,25,story,story,0.02,0.048,0.466,0.021,0.241,0.026,0.118,0.022,0.038
Sacred Creatures 006_page_26,Sacred Creatures 006,26,story,story,0.021,0.029,0.439,0.021,0.289,0.023,0.119,0.029,0.03
Sacred Creatures 006_page_27,Sacred Creatures 006,27,story,story,0.02,0.057,0.463,0.023,0.242,0.034,0.103,0.023,0.034
Sacred Creatures 006_page_28,Sacred Creatures 006,28,story,story,0.02,0.044,0.486,0.022,0.239,0.028,0.105,0.023,0.032
Sacred Creatures 006_page_29,Sacred Creatures 006,29,story,story,0.02,0.042,0.484,0.022,0.246,0.029,0.101,0.025,0.031
Sacred Creatures 006_page_30,Sacred Creatures 006,30,story,story,0.019,0.041,0.465,0.021,0.259,0.023,0.115,0.024,0.032
Sacred Creatures 006_page_31,Sacred Creatures 006,31,story,story,0.02,0.049,0.475,0.023,0.249,0.029,0.101,0.024,0.031
Sacred Creatures 006_page_32,Sacred Creatures 006,32,story,story,0.019,0.039,0.438,0.02,0.288,0.025,0.114,0.026,0.031
Sacred Creatures 006_page_33,Sacred Creatures 006,33,story,story,0.02,0.03,0.44,0.02,0.291,0.023,0.116,0.029,0.03
Sacred Creatures 006_page_34,Sacred Creatures 006,34,story,story,0.02,0.035,0.448,0.018,0.283,0.027,0.11,0.025,0.035
Sacred Creatures 006_page_35,Sacred Creatures 006,35,story,story,0.02,0.045,0.492,0.023,0.235,0.029,0.101,0.024,0.032
Sacred Creatures 006_page_36,Sacred Creatures 006,36,story,story,0.021,0.041,0.479,0.021,0.255,0.033,0.092,0.026,0.033
Sacred Creatures 006_page_37,Sacred Creatures 006,37,story,story,0.018,0.042,0.451,0.021,0.275,0.025,0.111,0.025,0.032
Sacred Creatures 006_page_38,Sacred Creatures 006,38,story,story,0.019,0.044,0.44,0.02,0.276,0.029,0.115,0.025,0.033
Sacred Creatures 006_page_39,Sacred Creatures 006,39,story,story,0.019,0.041,0.456,0.022,0.267,0.025,0.115,0.025,0.03
Sacred Creatures 006_page_40,Sacred Creatures 006,40,story,story,0.02,0.046,0.494,0.022,0.237,0.03,0.095,0.025,0.033
Sacred Creatures 006_page_41,Sacred Creatures 006,41,story,story,0.019,0.041,0.495,0.021,0.238,0.029,0.099,0.026,0.034
Sacred Creatures 006_page_42,Sacred Creatures 006,42,story,story,0.021,0.044,0.394,0.02,0.309,0.04,0.111,0.025,0.035
Sacred Creatures 006_page_43,Sacred Creatures 006,43,story,story,0.02,0.032,0.439,0.019,0.285,0.023,0.122,0.027,0.032
Sacred Creatures 006_page_44,Sacred Creatures 006,44,story,story,0.021,0.054,0.473,0.023,0.237,0.029,0.108,0.022,0.034
Sacred Creatures 006_page_45,Sacred Creatures 006,45,story,story,0.02,0.063,0.45,0.023,0.247,0.036,0.104,0.023,0.034
Sacred Creatures 006_page_46,Sacred Creatures 006,46,story,story,0.02,0.057,0.462,0.024,0.244,0.033,0.104,0.024,0.032
Sacred Creatures 006_page_47,Sacred Creatures 006,47,story,story,0.02,0.041,0.464,0.022,0.265,0.028,0.106,0.026,0.03
Sacred Creatures 006_page_48,Sacred Creatures 006,48,story,story,0.019,0.052,0.458,0.022,0.258,0.029,0.108,0.023,0.032
Sacred Creatures 006_page_49,Sacred Creatures 006,49,story,story,0.02,0.059,0.458,0.023,0.247,0.035,0.101,0.023,0.034
Sacred Creatures 006_page_50,Sacred Creatures 006,50,story,story,0.021,0.059,0.485,0.026,0.225,0.032,0.098,0.023,0.032
Sacred Creatures 006_page_51,Sacred Creatures 006,51,story,story,0.019,0.05,0.479,0.023,0.242,0.028,0.103,0.023,0.031
Sacred Creatures 006_page_52,Sacred Creatures 006,52,story,story,0.02,0.04,0.457,0.021,0.27,0.026,0.11,0.024,0.031
Sacred Creatures 006_page_53,Sacred Creatures 006,53,story,story,0.02,0.04,0.476,0.022,0.259,0.03,0.096,0.027,0.03
Sacred Creatures 006_page_54,Sacred Creatures 006,54,story,story,0.018,0.035,0.492,0.022,0.248,0.023,0.102,0.029,0.032
Sacred Creatures 006_page_55,Sacred Creatures 006,55,story,story,0.02,0.046,0.489,0.023,0.24,0.034,0.089,0.027,0.032
Sacred Creatures 006_page_56,Sacred Creatures 006,56,story,story,0.019,0.04,0.484,0.022,0.25,0.029,0.098,0.027,0.031
Sacred Creatures 006_page_57,Sacred Creatures 006,57,story,first-page,0.067,0.041,0.107,0.014,0.325,0.041,0.262,0.044,0.099
Sacred Creatures 006_page_58,Sacred Creatures 006,58,story,first-page,0.056,0.068,0.128,0.014,0.344,0.037,0.231,0.024,0.098
Sacred Creatures 006_page_59,Sacred Creatures 006,59,advertisement,advertisement,0.744,0.024,0.022,0.016,0.017,0.019,0.044,0.03,0.084
Sacred Creatures 006_page_60,Sacred Creatures 006,60,advertisement,advertisement,0.753,0.021,0.02,0.015,0.017,0.016,0.041,0.039,0.078
Sacred Creatures 006_page_61,Sacred Creatures 006,61,back_cover,back_cover,0.068,0.028,0.036,0.017,0.033,0.057,0.039,0.042,0.681
L.E.G.I.O.N. (1989-1994) Annual 005_page_0,L.E.G.I.O.N. (1989-1994) Annual 005,0,cover,cover,0.016,0.754,0.015,0.011,0.016,0.044,0.104,0.008,0.032
L.E.G.I.O.N. (1989-1994) Annual 005_page_1,L.E.G.I.O.N. (1989-1994) Annual 005,1,cover,advertisement,0.27,0.029,0.044,0.02,0.096,0.044,0.15,0.237,0.111
L.E.G.I.O.N. (1989-1994) Annual 005_page_2,L.E.G.I.O.N. (1989-1994) Annual 005,2,first-page,story,0.02,0.035,0.441,0.019,0.289,0.027,0.11,0.027,0.032
L.E.G.I.O.N. (1989-1994) Annual 005_page_3,L.E.G.I.O.N. (1989-1994) Annual 005,3,story,story,0.021,0.027,0.323,0.017,0.312,0.022,0.167,0.041,0.07
L.E.G.I.O.N. (1989-1994) Annual 005_page_4,L.E.G.I.O.N. (1989-1994) Annual 005,4,story,story,0.018,0.038,0.44,0.021,0.289,0.029,0.106,0.028,0.031
L.E.G.I.O.N. (1989-1994) Annual 005_page_5,L.E.G.I.O.N. (1989-1994) Annual 005,5,story,story,0.018,0.033,0.438,0.019,0.291,0.025,0.116,0.028,0.033
L.E.G.I.O.N. (1989-1994) Annual 005_page_6,L.E.G.I.O.N. (1989-1994) Annual 005,6,story,story,0.018,0.038,0.487,0.02,0.248,0.026,0.103,0.025,0.035
L.E.G.I.O.N. (1989-1994) Annual 005_page_7,L.E.G.I.O.N. (1989-1994) Annual 005,7,story,story,0.021,0.104,0.326,0.022,0.262,0.069,0.126,0.025,0.046
L.E.G.I.O.N. (1989-1994) Annual 005_page_8,L.E.G.I.O.N. (1989-1994) Annual 005,8,story,story,0.019,0.044,0.489,0.021,0.242,0.028,0.099,0.025,0.033
L.E.G.I.O.N. (1989-1994) Annual 005_page_9,L.E.G.I.O.N. (1989-1994) Annual 005,9,story,story,0.019,0.048,0.471,0.021,0.248,0.03,0.103,0.025,0.033
L.E.G.I.O.N. (1989-1994) Annual 005_page_10,L.E.G.I.O.N. (1989-1994) Annual 005,10,story,story,0.021,0.044,0.448,0.021,0.275,0.03,0.106,0.024,0.032
L.E.G.I.O.N. (1989-1994) Annual 005_page_11,L.E.G.I.O.N. (1989-1994) Annual 005,11,story,story,0.019,0.033,0.456,0.02,0.275,0.024,0.113,0.029,0.031
L.E.G.I.O.N. (1989-1994) Annual 005_page_12,L.E.G.I.O.N. (1989-1994) Annual 005,12,story,story,0.02,0.052,0.464,0.022,0.247,0.031,0.108,0.023,0.035
L.E.G.I.O.N. (1989-1994) Annual 005_page_13,L.E.G.I.O.N. (1989-1994) Annual 005,13,story,story,0.02,0.041,0.462,0.021,0.264,0.027,0.109,0.024,0.032
L.E.G.I.O.N. (1989-1994) Annual 005_page_14,L.E.G.I.O.N. (1989-1994) Annual 005,14,story,story,0.021,0.032,0.439,0.021,0.281,0.021,0.127,0.026,0.03
L.E.G.I.O.N. (1989-1994) Annual 005_page_15,L.E.G.I.O.N. (1989-1994) Annual 005,15,story,story,0.021,0.034,0.435,0.02,0.291,0.028,0.113,0.026,0.032
L.E.G.I.O.N. (1989-1994) Annual 005_page_16,L.E.G.I.O.N. (1989-1994) Annual 005,16,story,story,0.019,0.036,0.488,0.021,0.248,0.024,0.106,0.026,0.031
L.E.G.I.O.N. (1989-1994) Annual 005_page_17,L.E.G.I.O.N. (1989-1994) Annual 005,17,story,story,0.019,0.037,0.475,0.019,0.258,0.025,0.107,0.025,0.035
L.E.G.I.O.N. (1989-1994) Annual 005_page_18,L.E.G.I.O.N. (1989-1994) Annual 005,18,story,story,0.019,0.04,0.501,0.02,0.235,0.028,0.096,0.025,0.035
L.E.G.I.O.N. (1989-1994) Annual 005_page_19,L.E.G.I.O.N. (1989-1994) Annual 005,19,story,story,0.018,0.043,0.461,0.021,0.263,0.029,0.106,0.027,0.032
L.E.G.I.O.N. (1989-1994) Annual 005_page_20,L.E.G.I.O.N. (1989-1994) Annual 005,20,story,story,0.02,0.055,0.456,0.022,0.253,0.031,0.105,0.023,0.034
L.E.G.I.O.N. (1989-1994) Annual 005_page_21,L.E.G.I.O.N. (1989-1994) Annual 005,21,story,story,0.019,0.046,0.502,0.022,0.223,0.028,0.102,0.024,0.034
L.E.G.I.O.N. (1989-1994) Annual 005_page_22,L.E.G.I.O.N. (1989-1994) Annual 005,22,story,story,0.019,0.048,0.474,0.022,0.247,0.034,0.096,0.026,0.034
L.E.G.I.O.N. (1989-1994) Annual 005_page_23,L.E.G.I.O.N. (1989-1994) Annual 005,23,story,story,0.019,0.051,0.47,0.022,0.246,0.034,0.098,0.025,0.034
L.E.G.I.O.N. (1989-1994) Annual 005_page_24,L.E.G.I.O.N. (1989-1994) Annual 005,24,story,story,0.019,0.03,0.428,0.018,0.292,0.023,0.124,0.028,0.038
L.E.G.I.O.N. (1989-1994) Annual 005_page_25,L.E.G.I.O.N. (1989-1994) Annual 005,25,story,story,0.019,0.039,0.46,0.021,0.265,0.024,0.115,0.024,0.033
L.E.G.I.O.N. (1989-1994) Annual 005_page_26,L.E.G.I.O.N. (1989-1994) Annual 005,26,story,story,0.019,0.053,0.469,0.022,0.244,0.033,0.103,0.024,0.035
L.E.G.I.O.N. (1989-1994) Annual 005_page_27,L.E.G.I.O.N. (1989-1994) Annual 005,27,story,story,0.018,0.03,0.445,0.018,0.284,0.024,0.113,0.031,0.038
L.E.G.I.O.N. (1989-1994) Annual 005_page_28,L.E.G.I.O.N. (1989-1994) Annual 005,28,credits,first-page,0.024,0.089,0.236,0.014,0.286,0.122,0.121,0.031,0.077
L.E.G.I.O.N. (1989-1994) Annual 005_page_29,L.E.G.I.O.N. (1989-1994) Annual 005,29,first-page,story,0.019,0.038,0.47,0.02,0.264,0.026,0.105,0.025,0.034
L.E.G.I.O.N. (1989-1994) Annual 005_page_30,L.E.G.I.O.N. (1989-1994) Annual 005,30,story,story,0.019,0.043,0.467,0.021,0.261,0.029,0.103,0.025,0.033
L.E.G.I.O.N. (1989-1994) Annual 005_page_31,L.E.G.I.O.N. (1989-1994) Annual 005,31,story,story,0.02,0.049,0.431,0.021,0.285,0.039,0.096,0.026,0.033
L.E.G.I.O.N. (1989-1994) Annual 005_page_32,L.E.G.I.O.N. (1989-1994) Annual 005,32,story,story,0.02,0.043,0.462,0.019,0.261,0.031,0.105,0.024,0.036
L.E.G.I.O.N. (1989-1994) Annual 005_page_33,L.E.G.I.O.N. (1989-1994) Annual 005,33,story,story,0.018,0.049,0.45,0.019,0.26,0.035,0.105,0.024,0.04
L.E.G.I.O.N. (1989-1994) Annual 005_page_34,L.E.G.I.O.N. (1989-1994) Annual 005,34,story,story,0.017,0.06,0.449,0.02,0.243,0.035,0.111,0.023,0.04
L.E.G.I.O.N. (1989-1994) Annual 005_page_35,L.E.G.I.O.N. (1989-1994) Annual 005,35,story,story,0.018,0.059,0.458,0.021,0.245,0.038,0.098,0.026,0.036
L.E.G.I.O.N. (1989-1994) Annual 005_page_36,L.E.G.I.O.N. (1989-1994) Annual 005,36,story,story,0.019,0.051,0.463,0.02,0.249,0.036,0.1,0.023,0.038
L.E.G.I.O.N. (1989-1994) Annual 005_page_37,L.E.G.I.O.N. (1989-1994) Annual 005,37,story,first-page,0.034,0.079,0.179,0.012,0.344,0.081,0.168,0.023,0.08
L.E.G.I.O.N. (1989-1994) Annual 005_page_38,L.E.G.I.O.N. (1989-1994) Annual 005,38,story,story,0.02,0.056,0.426,0.018,0.27,0.036,0.11,0.022,0.042
L.E.G.I.O.N. (1989-1994) Annual 005_page_39,L.E.G.I.O.N. (1989-1994) Annual 005,39,story,story,0.019,0.035,0.455,0.019,0.27,0.024,0.116,0.024,0.038
L.E.G.I.O.N. (1989-1994) Annual 005_page_40,L.E.G.I.O.N. (1989-1994) Annual 005,40,story,story,0.019,0.057,0.49,0.022,0.217,0.036,0.097,0.024,0.039
L.E.G.I.O.N. (1989-1994) Annual 005_page_41,L.E.G.I.O.N. (1989-1994) Annual 005,41,story,story,0.019,0.043,0.456,0.019,0.263,0.027,0.113,0.023,0.038
L.E.G.I.O.N. (1989-1994) Annual 005_page_42,L.E.G.I.O.N. (1989-1994) Annual 005,42,story,first-page,0.022,0.097,0.277,0.021,0.316,0.057,0.145,0.028,0.036
L.E.G.I.O.N. (1989-1994) Annual 005_page_43,L.E.G.I.O.N. (1989-1994) Annual 005,43,story,story,0.019,0.059,0.461,0.024,0.239,0.031,0.112,0.024,0.032
L.E.G.I.O.N. (1989-1994) Annual 005_page_44,L.E.G.I.O.N. (1989-1994) Annual 005,44,story,story,0.019,0.042,0.488,0.021,0.241,0.026,0.106,0.024,0.033
L.E.G.I.O.N. (1989-1994) Annual 005_page_45,L.E.G.I.O.N. (1989-1994) Annual 005,45,story,story,0.019,0.053,0.477,0.021,0.238,0.035,0.095,0.024,0.038
L.E.G.I.O.N. (1989-1994) Annual 005_page_46,L.E.G.I.O.N. (1989-1994) Annual 005,46,story,story,0.023,0.034,0.394,0.019,0.319,0.025,0.129,0.024,0.032
L.E.G.I.O.N. (1989-1994) Annual 005_page_47,L.E.G.I.O.N. (1989-1994) Annual 005,47,story,advertisement,0.659,0.024,0.022,0.016,0.03,0.018,0.059,0.06,0.113
L.E.G.I.O.N. (1989-1994) Annual 005_page_48,L.E.G.I.O.N. (1989-1994) Annual 005,48,story,back_cover,0.173,0.152,0.032,0.018,0.052,0.031,0.159,0.021,0.362
L.E.G.I.O.N. (1989-1994) Annual 005_page_49,L.E.G.I.O.N. (1989-1994) Annual 005,49,story,story,0.018,0.045,0.375,0.015,0.313,0.044,0.117,0.028,0.043
L.E.G.I.O.N. (1989-1994) Annual 005_page_50,L.E.G.I.O.N. (1989-1994) Annual 005,50,art,cover,0.056,0.587,0.027,0.014,0.03,0.031,0.202,0.012,0.041
L.E.G.I.O.N. (1989-1994) Annual 005_page_51,L.E.G.I.O.N. (1989-1994) Annual 005,51,first-page,cover,0.039,0.555,0.031,0.013,0.048,0.036,0.194,0.011,0.073
L.E.G.I.O.N. (1989-1994) Annual 005_page_52,L.E.G.I.O.N. (1989-1994) Annual 005,52,story,first-page,0.019,0.213,0.162,0.016,0.24,0.051,0.207,0.018,0.074
L.E.G.I.O.N. (1989-1994) Annual 005_page_53,L.E.G.I.O.N. (1989-1994) Annual 005,53,story,cover,0.101,0.3,0.053,0.016,0.093,0.029,0.286,0.018,0.104
L.E.G.I.O.N. (1989-1994) Annual 005_page_54,L.E.G.I.O.N. (1989-1994) Annual 005,54,story,story,0.02,0.043,0.392,0.019,0.314,0.028,0.126,0.023,0.035
L.E.G.I.O.N. (1989-1994) Annual 005_page_55,L.E.G.I.O.N. (1989-1994) Annual 005,55,story,first-page,0.052,0.047,0.144,0.016,0.33,0.045,0.247,0.026,0.093
L.E.G.I.O.N. (1989-1994) Annual 005_page_56,L.E.G.I.O.N. (1989-1994) Annual 005,56,story,cover,0.085,0.306,0.047,0.016,0.096,0.036,0.266,0.017,0.129
L.E.G.I.O.N. (1989-1994) Annual 005_page_57,L.E.G.I.O.N. (1989-1994) Annual 005,57,back_cover,text,0.036,0.035,0.023,0.023,0.055,0.281,0.056,0.356,0.135
RCS2053D - Unknown_page_0,RCS2053D - Unknown,0,credits,cover,0.037,0.624,0.017,0.012,0.024,0.056,0.176,0.011,0.043
RCS2053D - Unknown_page_1,RCS2053D - Unknown,1,credits,text,0.181,0.03,0.028,0.04,0.036,0.132,0.061,0.442,0.05
RCS2053D - Unknown_page_2,RCS2053D - Unknown,2,first-page,first-page,0.027,0.067,0.224,0.016,0.347,0.024,0.2,0.021,0.073
RCS2053D - Unknown_page_3,RCS2053D - Unknown,3,art,first-page,0.038,0.051,0.19,0.015,0.413,0.051,0.172,0.024,0.046
RCS2053D - Unknown_page_4,RCS2053D - Unknown,4,first-page,story,0.021,0.072,0.33,0.02,0.315,0.05,0.129,0.024,0.038
RCS2053D - Unknown_page_5,RCS2053D - Unknown,5,story,story,0.019,0.035,0.444,0.02,0.287,0.027,0.108,0.029,0.031
RCS2053D - Unknown_page_6,RCS2053D - Unknown,6,story,story,0.018,0.03,0.359,0.02,0.347,0.024,0.134,0.037,0.03
RCS2053D - Unknown_page_7,RCS2053D - Unknown,7,story,story,0.019,0.038,0.477,0.022,0.258,0.025,0.105,0.026,0.031
RCS2053D - Unknown_page_8,RCS2053D - Unknown,8,story,first-page,0.021,0.124,0.257,0.023,0.283,0.05,0.182,0.021,0.039
RCS2053D - Unknown_page_9,RCS2053D - Unknown,9,story,first-page,0.019,0.025,0.345,0.017,0.356,0.026,0.131,0.043,0.036
RCS2053D - Unknown_page_10,RCS2053D - Unknown,10,story,story,0.019,0.047,0.476,0.021,0.249,0.028,0.101,0.023,0.035
RCS2053D - Unknown_page_11,RCS2053D - Unknown,11,story,story,0.018,0.028,0.476,0.02,0.26,0.023,0.103,0.037,0.034
RCS2053D - Unknown_page_12,RCS2053D - Unknown,12,story,art,0.187,0.06,0.053,0.023,0.109,0.062,0.334,0.103,0.068
RCS2053D - Unknown_page_13,RCS2053D - Unknown,13,story,first-page,0.022,0.061,0.321,0.023,0.337,0.037,0.145,0.023,0.031
RCS2053D - Unknown_page_14,RCS2053D - Unknown,14,story,story,0.019,0.031,0.501,0.023,0.246,0.023,0.095,0.033,0.03
RCS2053D - Unknown_page_15,RCS2053D - Unknown,15,story,story,0.018,0.027,0.479,0.021,0.252,0.023,0.111,0.036,0.033
RCS2053D - Unknown_page_16,RCS2053D - Unknown,16,story,story,0.018,0.029,0.45,0.021,0.271,0.023,0.121,0.033,0.035
RCS2053D - Unknown_page_17,RCS2053D - Unknown,17,story,story,0.018,0.041,0.512,0.022,0.227,0.025,0.096,0.025,0.035
RCS2053D - Unknown_page_18,RCS2053D - Unknown,18,story,story,0.019,0.03,0.488,0.021,0.246,0.021,0.109,0.032,0.035
RCS2053D - Unknown_page_19,RCS2053D - Unknown,19,story,story,0.021,0.023,0.375,0.024,0.298,0.026,0.127,0.071,0.035
RCS2053D - Unknown_page_20,RCS2053D - Unknown,20,story,back_cover,0.2,0.024,0.048,0.017,0.078,0.045,0.146,0.173,0.27
RCS2053D - Unknown_page_21,RCS2053D - Unknown,21,story,first-page,0.037,0.023,0.222,0.019,0.337,0.02,0.219,0.067,0.056
RCS2053D - Unknown_page_22,RCS2053D - Unknown,22,story,story,0.018,0.035,0.453,0.019,0.279,0.025,0.109,0.025,0.035
RCS2053D - Unknown_page_23,RCS2053D - Unknown,23,story,story,0.018,0.029,0.409,0.017,0.302,0.021,0.134,0.032,0.038
RCS2053D - Unknown_page_24,RCS2053D - Unknown,24,story,story,0.018,0.027,0.43,0.018,0.287,0.024,0.125,0.033,0.038
RCS2053D - Unknown_page_25,RCS2053D - Unknown,25,story,story,0.018,0.039,0.473,0.019,0.257,0.027,0.104,0.025,0.039
RCS2053D - Unknown_page_26,RCS2053D - Unknown,26,story,first-page,0.02,0.025,0.315,0.016,0.381,0.026,0.136,0.042,0.039
RCS2053D - Unknown_page_27,RCS2053D - Unknown,27,story,story,0.019,0.035,0.494,0.021,0.248,0.023,0.102,0.027,0.031
RCS2053D - Unknown_page_28,RCS2053D - Unknown,28,art,story,0.018,0.037,0.448,0.018,0.289,0.028,0.099,0.028,0.036
RCS2053D - Unknown_page_29,RCS2053D - Unknown,29,advertisement,advertisement,0.757,0.017,0.021,0.016,0.018,0.014,0.035,0.042,0.08
RCS2053D - Unknown_page_30,RCS2053D - Unknown,30,first-page,text,0.044,0.015,0.032,0.023,0.069,0.05,0.055,0.689,0.024
RCS2053D - Unknown_page_31,RCS2053D - Unknown,31,art,first-page,0.022,0.026,0.276,0.021,0.372,0.033,0.154,0.064,0.032
RCS2053D - Unknown_page_32,RCS2053D - Unknown,32,first-page,first-page,0.019,0.027,0.337,0.02,0.337,0.022,0.158,0.044,0.036
RCS2053D - Unknown_page_33,RCS2053D - Unknown,33,story,story,0.019,0.036,0.458,0.019,0.278,0.025,0.105,0.025,0.035
RCS2053D - Unknown_page_34,RCS2053D - Unknown,34,story,first-page,0.021,0.025,0.311,0.022,0.346,0.026,0.155,0.06,0.034
RCS2053D - Unknown_page_35,RCS2053D - Unknown,35,story,story,0.02,0.024,0.342,0.019,0.338,0.023,0.15,0.046,0.038
RCS2053D - Unknown_page_36,RCS2053D - Unknown,36,story,story,0.019,0.028,0.414,0.02,0.3,0.022,0.129,0.035,0.032
RCS2053D - Unknown_page_37,RCS2053D - Unknown,37,story,story,0.018,0.033,0.436,0.02,0.292,0.023,0.118,0.027,0.032
RCS2053D - Unknown_page_38,RCS2053D - Unknown,38,story,story,0.017,0.033,0.382,0.018,0.33,0.023,0.132,0.028,0.037
RCS2053D - Unknown_page_39,RCS2053D - Unknown,39,advertisement,advertisement,0.683,0.018,0.022,0.019,0.02,0.02,0.047,0.046,0.125
RCS2053D - Unknown_page_40,RCS2053D - Unknown,40,first-page,first-page,0.088,0.028,0.094,0.018,0.286,0.034,0.221,0.158,0.073
RCS2053D - Unknown_page_41,RCS2053D - Unknown,41,art,story,0.022,0.026,0.332,0.025,0.322,0.027,0.139,0.078,0.029
RCS2053D - Unknown_page_42,RCS2053D - Unknown,42,first-page,story,0.02,0.038,0.455,0.023,0.275,0.031,0.099,0.032,0.028
RCS2053D - Unknown_page_43,RCS2053D - Unknown,43,art,story,0.02,0.03,0.403,0.022,0.307,0.022,0.134,0.034,0.029
RCS2053D - Unknown_page_44,RCS2053D - Unknown,44,first-page,first-page,0.019,0.028,0.352,0.017,0.355,0.025,0.137,0.034,0.036
RCS2053D - Unknown_page_45,RCS2053D - Unknown,45,story,first-page,0.024,0.025,0.324,0.024,0.343,0.024,0.143,0.064,0.03
RCS2053D - Unknown_page_46,RCS2053D - Unknown,46,story,story,0.019,0.035,0.451,0.021,0.28,0.024,0.11,0.029,0.03
RCS2053D - Unknown_page_47,RCS2053D - Unknown,47,story,story,0.018,0.039,0.417,0.021,0.301,0.024,0.124,0.026,0.03
RCS2053D - Unknown_page_48,RCS2053D - Unknown,48,story,story,0.018,0.037,0.37,0.017,0.349,0.024,0.123,0.025,0.036
RCS2053D - Unknown_page_49,RCS2053D - Unknown,49,story,story,0.018,0.04,0.47,0.024,0.261,0.025,0.106,0.028,0.028
RCS2053D - Unknown_page_50,RCS2053D - Unknown,50,story,story,0.019,0.03,0.395,0.019,0.321,0.022,0.13,0.03,0.033
